$ANSIBLE_VAULT;1.1;AES256
63306466393539346163323563646637643636616636353966363365316338313533363263363137
3332343932323831323231666164666135326635313564650a623461643730303938366461303639
37326265333832303933333465636461373439393563353234373531303831623035393963343733
3132303136356438350a313365623231343932653735653365626138343039363263666634353837
39333361633736353234326564376332343364656161626665646464376633346637313738663664
39336463666239333965633233323336343266386264386538336263306362393139326532643630
37383735333236373439373663663833313031373862383364326533653632363562323365383465
62396432316564386233353366636661303066646463646539363833323036656635623233393062
64666364313862663861363130653437346234393535393866666333336162643562386135633237
38313835643765643963373065393332313235376131613430306230336532346166326439373563
38623836613661333163366366363730313238393731613865633562333864366262393262343333
63383235313433376331303434373966643937313133633035646263353830383235353561666236
62656166643765396563373761323634323362353363373365396361663338306537656164353862
37393861393231353864653662306163346533383536393533393939653563353262326561303536
61393736336431376131633966336530666662363762613163626130393037393637393439663631
31316331643139333530356262376230666532656662346231656433613931356130303865366663
61353432393439333835323366386334383666366331303838623633663431373330326561653963
34353437306532356331613530333334353833336666613837353134393830616535626263623836
62363965646534393332353233633938663661393865633230643062353263326330386134616439
65626330633766386366636464316462393130613866653264383037353131656233323461303435
39396564333437646138306433363033393230383961363863353732643731313864623165623139
61613764636633336163376666626564306333343934336131613936643462323236323331633535
31316464373134616338356638363136623439643637336133306365386236636637376264626334
37366638646264326334323936383137306433616430613461643439306337636565376564623236
64333336323063366263623035616234366533353766346665343638366562616539396263343361
35363764653033656664633030346363666664306138386564356439653134633630623231393363
32626232653038666363373035656164306238393338343764336434326132636465333933663733
37303138663734376236656339363361613238346536376435353837383266313538376134303836
36613130363562366331303832363834323032376132613436336535643535613534373836646335
65613934323836623934303931663264373863646664383134363531306463313663636361356561
63346665333762313435303736333536363431346335393233376133383237646233383963633934
35616661306333666334303661353765643631636234623134306664613836323733336135346532
63653838313866373031663933623561363432306530613264663361366365653638616135323632
66323465313961343735363731376330636361346466366538623064633235313835363163663234
36363537353733393634383061663738636334623138336263333366636631643032303031626262
61643534316533306631396537613564646261333461386537373233373933313731636538376137
65303039363332623934396633366334373738616634313534393464313533323265393862393963
65316262643534306238306630653337343231613831666438316137666132643932646666353561
62633137363364343263623333663638663632386561316630313336376530633235616537303331
37323361613135376339306430393531613362333362333563343438653330303065383736343961
63303733383137623633353764323864636630396662373830613466613565363136396130623231
38356132363632643463643837383061303431366261626437623363353739356235373965633930
36363066303364323430623562663361343266363763366133356534343461333432613532656362
66356133343036323237386132643130613664316135333933313733353937356230633363666537
65616465373037636363346664343662643565323532326534393430383365326563386336316435
34633239643630333262346532313561343065363565656661646137303034363230356462383063
32363664626134643964323237353362316563643430383037613639366536653365356538616330
38383763353137383561656638663638323066653931376364343762303661373138363931306334
62396638343664343965316536303536663733616335623734346364303332643264646432336138
35646463313161656334666563396532383464653631616638616336376637303333373161313439
65653731303436613463623736373066346165646339643162323465656364343962613063346162
37646233613333373531306661386631396366653065333133363830643232333262313532386639
33393164373761623764663861333539363537343732333838343065306334393433366639633334
35646164393433623034386465666537353232306331376231656164333734653965636430383335
34623561303761613830616134303235666238326639346333303831326561393963613134326334
37353038666134616230613634356164376438343439366534386131313566393533623032356333
32323932303861636634646439306331386634333632613831636437306666386439623036393238
37366465363564656132383862316463623266363862666662316266613232373932396665313861
65633063356362376538343862383735383231643463316565316136313833626334333731653366
37386132636336626230383834623261356138303139636633626336653636366262653938383661
38646537333731343432666534623737633265646534306662613266363735626134373834333131
37663161333863626662383265623030333532643933396334636364306533643037366235643361
63386265656664383932346437313336376637303834633738333732343663643531363463313063
36393239663062376134653263633230613236386434363961346562306239333532373564646465
61386434323730653132613666336261373864643235393465316535656636383439623765653837
36343430383636393733316162346462363330373864663663646231643834323730336233326265
35646561343836353364643233363866333234396565383762353265363262346366333939373931
62363165316265393833313931363962383433353030383433613361363934333933306336326664
34343938646166356531323337393564353135313263366665333135383265386131343531636462
66346665303139343262333163336432373863316362643732656230386535303935363162363963
62343339643532663463313738353332316362613531386234326635396266626537396230323339
32326639393231363832336631633063613633363864316233363737316234316436313930373361
30336134636234353132656464633137333038393930313633663132313933626434643165623161
31343634626139613366373862363932376465646530626566623465373539643261353461323333
32616639373362366431303030643361663539616466623937303762623663363166316265363230
34363463303932663736316364373037336438323164366365613937346336616662666234613535
64636662343563396362636164666661383738346362303635613339323536633335396535396264
66313333343863386136333463626462626633343863666639346535613538636437663739323831
61343934373936313561353631316330313730343334333038636337333134373530616532646333
32376662363462663733616137623663356536633537323933323663636362306364343030376334
32356636303833386166383364636336366634356261623665636233303261336466353237343533
61303662643933363735653936613963613462626562356638396333343333323363366532366535
62663839643136393236306436396333623466383063663366356163356531383436366136373039
65663936333738363633303966656164323932373763393836623362393935393766326530633865
63396433376635373734643336613964666138343838373935313864323733373838363266646164
30373964313664366234633037656637366139663137636339333162623636643839656534643234
65393565383662393766386661613665653136303466306634393239666130376366363663323939
34643334663362356234383338363038626537326435396535373162393932653161663961643330
30633237656236303036336365356466363762396364313565643134363164323738333032383337
63303039393065663263653430343733636338623062376431623634653832643738316464353235
63613737323965616462646130616633366166643735333439633965383031633466343833306662
63306466343565663031613365373962343434393661323535383666356639343636333666333732
32356662353563333363353964636336306432396432396137393738633762356461383161306134
35643735663534633833313039316239613837373861623836343162343133316362383035303662
30636231643237386162396437636533663839343235656436336638333366383565613362356463
38346136316134666133613537626261643966633866633536643736393664656562356636323666
64613839336138623736323864643162393562306130343635306365343163313337663538616334
39306239623436373239646563626230666365613837613032333630646530346135616236383034
66646261343136373363313539626138316334633261663734353362346639666130623537353036
39363839633933663731313839316431356237336636353265366236663832333437306438326432
63623633626635666662356534393763626532383935336134363463303336303831376232613630
31336138396339613535346436363265316261373065393833346261633032656437616137356666
64653039663537366430623535373461316564653764363635333133303435633065353161353130
39636664646664386563623465313936396138366633386336316462613565333963653835363233
36356439656366386630316164323665653136316338393962663963396439396166306261333364
31383035333032386334343161646363626231363066336161643831316535653762333461373636
34653434346562643533626339373334326239643763316535373866393034613466613135636331
36386630653437643363626162313633333034636362373437623539643165343239363165663865
64653338313132653738386435366563323237366261393830323865383436326435636565353064
33633233353232623264623163616164626135623130363361373639323634373261636535376631
66363737323532313037316530646161636534626462383031656462333034623234613132353939
38323931613534643939383635323438353732626431343236353861633734633235343261616262
31383064306334366334623562303137633339643662333065663764386539333161393735346130
65623761313962353865633636636363313631323561326433363231616239353362386231386564
35346239306233663839363663373439313263353864663666613139343063663537373236656161
66323936383330633862376565306231653662313464393330353036633036326164396465623137
33643565343338323264626636663364316365613037636134623934306231336333303262306330
32646233343261346437623461303938626136303736346462623434353963623962656165616462
34316630373636366561623134396234613531613363333334663566653262376235656331636335
39633664663061313166333936613166383563383231343466666135643833393031343462353162
33336364373436343831333433313233333839613866373361316436613434386165373631356432
31333066663736393038643264616435373232646663656461386135303366366565343166363366
33366266633232636439326539323761623034346532393834343032313566643364333632383664
32656539346163633335323330636531646238633364626133636635613439383532633665353062
30316139383239343335643830353366323030386337316135383762313138333730656266383535
37333664313664363032333733306365626462656237633934643438383832633661303964333161
38376137343237316537393232343536613538333336656438633234363731343362316537393864
38366538333663393130323331323865613432313232356237636665363338383765323539623963
64306235353238666238383865633339343163663865633265636635373966616434663132343739
38353663343332303765313736663863653235356339366537613336313132313865333765663766
33343037313363663366326463363566396335343765393031623163323633326332653830353830
38316165633233633638633836653835623263613363323463633139626266346638326131313339
33626162376431386437623733323361313437653233616231633633376537346238653535386332
65396134643736323061316665383432666662633532666465393432393761666365613431376239
65623332663461386337383333636133393136366263363762323230643865323039393631616462
39376533623065626132613636373431383738366465353637656634656137366431383937313731
65323738346139376666626434623638346361626262616564636538636233336530623135336338
30653730616666653933646663333465383336623463386466656136633162356563626632316561
35386465363466343339646439623038333836316631383863626633356432373164626632336636
30303734636134636136653935303336303562373762663236346233366262653034366163656265
32366131623362396235353334616161663331336134623433663731396666663061663136666130
36346438633062633565636435363536323730373033653264663463346633663261643766663530
35303531383065326334356630663263353835376331313133316333613563656533663736613435
33643736666636666639613439663562316664666263323962373939383137616535376364613566
30393433386461633566353535646466633035373239363430313436626664353864636664613635
36306234643434323836333236383365646138353135386665663034373435366330326262373536
32656239663765386338326163663762636330643365306133346135316433393432353333343136
38346434613433373666303639353965333561366434313931306566393532363231323635353939
35396639646533383033643962333135393137303338636463613461366662323765623932366431
62326264336636373935326439656333626461346463636137623166633264386635373332633536
31663130663163633832656634623435643732323964396338396661376234616666306238356630
36326164353537313734313065643664336232666164356564363537656230613065386236616664
31363335346365373661636536303336363034383762383865323333646430666638323237343738
62383433373338393865613264613062373961313631623063373336396333646264383235373263
38303737636435316138636439623833316634396162333265383434663565303765386133653535
32333031326431636335623333363138363537346431336533316138643132613065623330353432
64396563616136326437616366383738326366393639303865306336353536323433373462336137
65626537636233383961646365323765633230623561326361643164353838633736326466666462
66626666616137636137353134366133313934633864633262323631333033313937656364626334
62353735666533633739653662373663346430303536353430663638646366383130363034633734
34623861363366656533346466353264656666333330383032623738656166396436643262386231
39336532613835393466623635666630626535633964656439386238316137626339613134336363
35333063383461643830333831356531393134633630663565653962346365653831343339643865
63343366653336336435393864323966306537323533366136646566343230306538343432383130
63666231373632613639623066656663313933356533633335663834353565383339313033363161
3062303033363036643235666463343136643335653134353765
